---
---
---
---
---
---
---
---
---
---
---
2-50-
4. 2400
5. 2E25
369211
351201
368317
368331
351301
351303
35132 1
351331
351351
351 391
352311
352321
352 332
352301
352 314
352 323
352414
352 421
352 441
119605
]5aNб
360212
360 301
+
357322
357323
357324
357.325
357326
357360
857471
357418
357421
357422
3574 32
357441
357442
357443
357444
357446
357491
360304
360400
360401
360402
360 403
-
360404
360407
360411
360423
360 431
300441
360450
360460
360470
360471

---
DN: HAMAMS
176101
176 220
177101
177102
177104
177105
177212
177214
177215
177241
177281
177302
177322
177330
177341
177 351
177393
177400
177412
177440
179325
178326
178329
178334
178350
178366
178367
178402
178406
178407
178408
178409
178410
178420
178430
178442
178446
178452
178426
179466
178469
179471
178 476
178477
178481
178494
178702
179799
178 801
178 899

---
701101
701201
701202
701211
701244
701 313
701 321
701322
701 331
701 342
702100
702431
702101
702480
702102
702 702
702205
707 703
702211
702 710
702 312
702 712
702313
702717
702316
702 742
702317
702752
702 318
702 755
702324
702756
702 331
702757
702 341
702789
702 411
702797
702 416
702 423
2.1
702211
702100
20239T
302-902
102 211
702 312
702 313
702 316
702 317
702 318
102 324
702331
702 341
702 411
702 416
702 423
702431
702490
702 702
707703
702 710
702 712
702 717
702 742
702752
702755
702756
702757
702789
702 797
2.4
(703) 340UA
703100
703412
70376
703103 703444
703 791
703202
703447
703 792
703243
703454 703795
703244
703498
703 796
703303
703701
703 797
703305
703702
703308
703703
703309
703704
703311
703 711
703313
703712
703314
703737
703322
703740
703330
703747
103 331
703754
703353
703755
703 404
703756
78390
703202
703243
703244
703303
703305
703308
703309
703311
703313
70 3314
703322
703330
103331
703353
703 404
2.2
703202
703412
703444
103447
703454
703498
703701
703702
703703
703 704
703 711
703712
103737
703740
703747
703754
703755
703756
2.3
703764
703 791
703792
103 795
703 796
703 797
(705) 211,311, 312
(705) 10, 211, 212, 311, 312, 331,
332, 351, 371, 411, 412,413,
432, 438, 439, 442, 44, 447
453, 454, 455, 461, 472,701
702, 709, 715, 716, 717, 722,
723, 727, 734, 738, 757, 758,
762, 763, 769, 779, 788, 792,
757,831
# ¡BU (705) 211,212
(705) 190, 211, 212, 311, 312, 331,
332, 351, 371, 411, 412,413,
432, 438, 439, 442, 174, 447
453, 454, 455, 461, 472,701
702, 709, 715, 716, 717, 722,
723, 723, 734, 738, 757, 758,
762, 763, 769, 719, 788, 792,
751,831
1105) ni
(705) 100, 211, 212, 311, 312, 331,
332,351, 371, 411, 412,413,
432, 438, 439, 472, 471, 477
453, 454, 455, 461, 472,701
тог, 709, 715, 716, 727, 722,
723, 727, 734, 738, 757, 758,
762, 763, 769, 279, 788, 792,
757,831

---
(707) 101, 201, 202, 203
# on
(707) 301,312

---
English
(001) 230 450 250
French
(002) 103,102, 201,202
(002) 201, 221, 250, 301, 311
363, 372, 411,441, 458
466, 471, 477, 489
3 Gernan
(003) 101, 102, 201, 202
(003) 216, 271, 313, 331, 349
367,436,472,
* History
(004) 170, 214, 301, 303, 351,
442, 423, 427, 432, 451,
456, 459,464, 466, 473,
475,484,487, 499, 499
714, 715, 720, 799, 799, 898
899
ENGL (001) 210, 230,
231, 232, 234, 235, 250,
281, 291, 292, 293, 294,
295, 310, 311, 312, 321,
323, 327, 330, 341, 342,
352, 353,
354, 355, 361, 362, 381,
410, 422, 423, 424, 440,
441, 442, 443, 444, 445,
446, 447, 461, 463, 464,
467, 471, 472, 473
(009) 105
© murlnu
# İnÚÃ (014) 210, 270
(009) 103, 212, 230, 231, 237, 301
333, 334, 336, 341, 345, 355
358, 420, 424, 426, 427, 469
478,489
(014) 211, 300, 302, 304, 310, 311, 322, 325, 370, 371,
372, 380, 381, 382, 390, 399, 401, 402, 403, 410,421
482,484, 485, 488,491
dininen
(013) 103, 203, 201, 206, 207, 216
217, 301, 302, 304, 305, 306
307, 313, 318, 326, 329, 330
335, 338, 420, 421, 422, 427,
430,433, 435, 436, 453, 455
104, 714, 722, 724, 736, 741
779, 798, 799, 801, 811, 815
821, 831, 834,

---
# ov no
(018) 131, 132, 133, 134
(018) 135, 203, 221, 233,271
(019) 105, 106, 1, 205, 206,371, 372, 373, 392
(10
(011) 103
(012) 173, 200, 201, 272, 273, 700, 701
800, 801,802, 897
na: 5204
(006) 103, 126, 206, 226, 242, 253
303, 313, 326, 330, 332, 338
340, 371, 342, 343, 344, 345
346, 347, 355, 426, 433, 143,
448, 449, 460, 475, 476, 478, 479
(0n1) 104, 105, 251, 257, 269, 352, 355, 362
368, 369, 374, 378, 419, 459, 461, 464
465, 488, 490, 491, 498, 701, 711, 731, 732
797,799
(008) 213, 215, 216, 218, 219, 220, 225,
232, 260, 303, 304, 312, 315, 320,321
322, 324, 325, 326, 328
, 354,
417, 418, 422, 424, 442, 449, 452, 455

---
A moroni
(015) 101, 102, 201, 231, 232, 233, 301
(015) 101, 102 112: (016) 101,102
(015) 201, 231, 232, 233, 301
112: (016) 201, 231, 232, 233, 301
(015) 101,102 la: (036) 102, 102
(015) 201, 231, 232, 233, 301 l12:
(016) 201,231, 232, 233, 301
(017) 101, 102, 111, 112, 201, 210, 231, 301
18)
(020) 101, 102
(020) 211, 212, 231, 232, 251, 311, 333, 341
19
(026) 103, 104, 111, 112, 203, 204, 213, 230, 252,
271, 351, 381,382

---
20 MUs VIVU
(021) 101,102
#im laan
(021) 11,112, 203, 204, 270
(045) 211, 221, 231, 232, 241, 251
311, 312, 322, 331, 332, 393, 341
342, 351, 352, 353
(25)
(030) 101,102, 111,
251
, 261
23 morrilnos
• FR (002) 101, 102,
• GER (003) 101, 102, 201
• HINDI (017) 101, 102; 111 nẫa 210
• JA (018) 131, 132; 133 nẫa 271
• CN (019) 105, 106; 205 H§a 371
• BR (020) 101, 102; 211 nẫa 231
0 ESP (021) 101, 102,
0 KOR (026) 103, 104; 203 HD 252
• IND (031) 101, 102; 201 nẫa 221
24 mosDuT
(031) 101, 102, 111, 201, 221, 251, 261, 262
io Indiad: msus: novalans
#J8Eño (007) 121, 211
# İ0 äAA
(067) 111, 221, 231, 319, 312, 322

---
(127) 101, 202, 204, 207, 303, 312, 326
317,327, 337, 338, 400, 411, 416
417, 426, 428, 431, 432, 711, 716
717, 719, 759, 789, 799, 799
(128) 101,202,203, 204, 307, 309, 324
331, 334, 354, 355,356, 357
401, 403, 425, 427, 429, 431
434, 443, 462, 470) 471, 481
484, 451, 492, 433, 701, 710
730, 740, 751, 762, 789, 798
(126) 101, 212, 216, 218, 321, 324, 328,
331, 333, 336, 328, 339, 341, 346
348, 359, 427, 433, 438, 447, 460
491,459
(131) 101, 201, 307
(131) 204, 205

---
(Känąasunu101a)
5zln
1.
lains
IsDusu
(Tourism
THL (025) 213, 220
and Hotel) THL (025) 202, 215, 216, 223, 224, 316, 320, 321,
322, 413
Complete at least 15 credits as follows:
1. Required Courses (6 credits):
THL (008) 213, 220
2. Elective Courses (at least 9 credits):
Choose from the following:
THL (008) 202, 215, 216, 223, 224, 316, 320,
321, 322, 413

---
orad: Inu
(104) 201, 301, 302
(104) 200, 231, 300, 320, 325, 333
334, 410, 424, 435, 436, 437
440, 471, 475, 490, 495, 497
(114) 101, 102, 407
(114) 201, 213, 214, 316, 321, 416
(113) 301, 302, 406
(113) 303, 404, 405

---
